本次时间为:2021-07-04 15:31:46  第1排第2个灶眼
114.3833
1.3811
1.3452
1.4356
1.3702
0.8845
0.907
0.7876
1.0874
0.9717
13.0417
21.4165
10.7985
5.9306
1.4751
5.6003
1.3382
2.2015
本次综合分数为：186.356
本次时间为:2021-07-04 15:31:46  第1排第2个灶眼
122.1902
0.8911
0.6797
0.6868
0.8528
0.6634
0.8418
1.1139
1.2052
41.5492
16.5209
10.9289
4.9778
7.0056
1.2811
2.907
1.0204
本次综合分数为：215.31580000000002
本次时间为:2021-07-04 15:31:46  第1排第2个灶眼
115.0262
0.8251
0.6669
0.635
0.7378
0.6046
0.5858
0.5042
0.6592
44.8341
19.4663
16.3718
5.9261
1.4314
4.5618
0.6073
0.7847
本次综合分数为：214.22830000000002
本次时间为:2021-07-04 15:53:59  第1排第2个灶眼
115.4876
0.5132
0.4102
0.4078
0.443
0.5282
0.559
0.491
0.4884
55.1834
31.9176
7.7658
7.9776
4.3401
0.5416
4.0425
0.3061
本次综合分数为：231.40309999999997
本次时间为:2021-07-04 15:53:59  第1排第2个灶眼
114.7936
0.4669
0.4135
0.4384
0.5063
0.4785
0.5214
0.3687
0.4763
56.5733
32.1118
11.9502
3.7321
8.7225
0.4176
0.3515
0.3599
本次综合分数为：232.6825
本次时间为:2021-07-04 15:53:59  第1排第2个灶眼
114.701
0.5274
0.4597
0.5119
0.4468
0.4665
0.391
0.4127
0.4617
56.0638
31.9103
11.986
3.8328
8.4394
0.4293
0.3632
0.4333
本次综合分数为：231.8368
本次时间为:2021-07-04 15:53:59  第1排第2个灶眼
113.8827
0.3582
0.3735
0.3199
0.3546
0.507
0.6109
0.9854
0.5433
50.5319
31.3021
7.5291
9.9814
3.6074
0.2498
0.2623
0.3859
本次综合分数为：221.78540000000004
本次时间为:2021-07-04 15:53:59  第1排第2个灶眼
115.1012
0.5048
0.5058
0.419
0.4016
0.3697
0.4393
0.3602
0.5733
52.9202
31.7406
8.1272
9.8066
3.1468
0.4108
0.4126
0.4302
本次综合分数为：225.6699
本次时间为:2021-07-04 15:53:59  第1排第2个灶眼
117.2974
0.3413
0.4469
0.5209
0.575
0.4278
0.4879
0.4408
0.5082
52.1504
31.3216
8.9941
9.23
1.1999
3.5032
0.7066
0.6779
本次综合分数为：228.82989999999998
本次时间为:2021-07-04 15:53:59  第1排第2个灶眼
118.017
1.7566
1.6693
1.269
0.6866
0.7501
0.7189
1.2102
1.1241
66.4146
37.315
10.4755
10.6381
1.749
4.765
4.4681
0.9746
本次综合分数为：264.0017
本次时间为:2021-07-04 15:53:59  第1排第2个灶眼
117.7979
0.3933
0.4041
0.3962
0.5031
0.4757
0.408
0.5273
0.4469
64.4713
38.185
14.9583
3.5346
3.7143
0.6938
3.5404
0.7356
本次综合分数为：251.18580000000006
本次时间为:2021-07-04 15:53:59  第1排第2个灶眼
113.4717
0.5695
1.1317
1.4139
1.8364
0.5387
0.9811
0.653
1.0707
58.8522
38.2361
11.6891
7.6835
3.6771
3.5154
1.4762
3.9183
本次综合分数为：250.7146
本次时间为:2021-07-04 15:53:59  第1排第2个灶眼
104.6744
25.9503
2.0318
5.3595
2.8973
3.6339
1.145
1.8668
2.9728
66.7061
37.0553
13.177
3.8051
3.1078
3.6376
7.0512
1.4541
本次综合分数为：286.52600000000007
本次时间为:2021-07-04 15:53:59  第1排第2个灶眼
110.7332
0.7341
0.5716
0.6574
0.798
0.7549
0.6495
0.5999
0.5749
45.224
25.8414
8.9372
9.8041
0.8754
0.4766
0.407
0.515
本次综合分数为：208.1542
本次时间为:2021-07-04 15:53:59  第1排第2个灶眼
114.8417
1.7314
1.9691
0.7266
0.8314
0.661
0.6939
0.5718
0.7665
42.9042
25.6611
11.098
9.2249
1.1319
0.464
1.2031
1.5923
本次综合分数为：216.0729
本次时间为:2021-07-04 16:53:27  第1排第2个灶眼
134.8801
1.0834
0.8499
0.8894
0.8651
1.1004
0.8259
0.9689
0.824
81.2628
54.0509
17.6691
5.037
2.3645
3.3362
1.2241
0.925
本次综合分数为：308.15670000000006
本次时间为:2021-07-04 16:54:27  第1排第2个灶眼
131.2937
1.0781
0.8706
0.7202
0.8503
1.1037
0.7944
0.9384
0.8978
78.5889
55.0739
13.6244
6.0039
2.0864
2.5404
0.8631
0.7997
本次综合分数为：298.1278999999999
本次时间为:2021-07-04 16:55:27  第1排第2个灶眼
123.7076
7.6276
1.0102
0.9301
1.1126
1.0543
1.9524
3.6493
6.3847
70.9538
55.3353
9.9965
9.9004
1.9371
1.9368
1.206
1.5676
本次综合分数为：300.2623000000001
本次时间为:2021-07-04 16:56:27  第1排第2个灶眼
128.2916
1.3344
0.9343
0.9806
0.7897
1.2448
1.0359
0.8088
0.9164
79.9772
57.0661
11.9528
5.0407
1.8166
2.5844
1.1952
2.6659
本次综合分数为：298.63540000000006
本次时间为:2021-07-04 16:57:27  第1排第2个灶眼
131.7961
1.0768
0.8241
0.8547
0.781
1.0171
0.8298
1.0293
0.8507
83.1776
54.9712
12.2788
8.3349
1.4452
2.9977
2.4451
11.34
本次综合分数为：316.0501
本次时间为:2021-07-04 17:13:20  第1排第2个灶眼
129.2227
1.1973
1.1354
0.8934
0.9278
1.0911
0.8868
0.8693
0.7832
77.4225
49.6713
16.8358
6.5886
2.648
2.6571
0.7926
0.7228
本次综合分数为：294.3457000000001
本次时间为:2021-07-04 17:14:20  第1排第2个灶眼
129.3091
1.0837
0.7455
0.8446
0.8969
1.0239
0.7637
0.7862
0.8687
78.4267
53.8826
12.7537
6.6083
2.5114
3.2592
0.8169
0.7633
本次综合分数为：295.3443999999999
本次时间为:2021-07-04 23:44:52  第2排第2个灶眼
103.448
1.2634
0.9844
0.9019
1.0558
0.8848
0.9199
0.9847
0.9355
99.3978
74.0325
12.473
10.6735
1.5843
6.1319
1.8879
2.0615
本次综合分数为：319.62080000000003
本次时间为:2021-07-04 23:44:52  第2排第2个灶眼
102.7276
0.9167
0.8705
0.9515
0.9074
0.8929
0.7912
0.8112
0.8523
94.8259
72.0432
11.5265
7.4772
1.5488
6.8519
2.1198
2.2322
本次综合分数为：308.3467999999999
本次时间为:2021-07-04 23:44:52  第2排第2个灶眼
102.8861
1.4377
0.9711
0.9164
0.8195
0.7989
0.8578
0.7677
0.8698
96.5252
69.7772
15.2181
5.2173
9.5538
4.7509
1.9004
0.9575
本次综合分数为：314.22540000000004
本次时间为:2021-07-04 23:44:52  第2排第2个灶眼
97.4289
1.1246
0.8861
0.8282
0.9011
0.8715
6.3298
1.1229
0.8964
96.4377
70.1481
15.1165
5.8203
8.2318
3.7594
1.9497
1.1643
本次综合分数为：313.01730000000003
本次时间为:2021-07-04 23:44:52  第2排第2个灶眼
98.1392
1.148
4.9087
1.2626
1.0853
0.889
0.8256
0.8646
0.9538
96.4967
69.5383
15.6941
6.4113
8.6573
4.1965
2.1231
1.233
本次综合分数为：314.42710000000005
本次时间为:2021-07-04 23:41:06  第2排第1个灶眼
108.0707
2.5905
2.2224
2.1082
2.4034
2.129
2.1875
2.2133
2.2349
96.5685
78.3295
14.1454
2.899
10.7933
5.8264
2.584
2.3438
本次综合分数为：339.64979999999997
本次时间为:2021-07-04 23:41:06  第2排第1个灶眼
107.5501
2.3836
2.319
2.1249
2.1568
1.9787
1.9779
2.0433
2.1346
96.1821
78.295
14.5094
2.9259
11.1686
5.6821
2.5258
2.969
本次综合分数为：338.9268
本次时间为:2021-07-04 23:41:06  第2排第1个灶眼
106.9355
2.4559
2.0527
2.1622
2.2917
2.1621
2.0324
1.9604
2.0016
96.0661
77.3644
14.2407
3.1437
10.7962
5.4784
2.4808
3.2558
本次综合分数为：336.8806000000001
本次时间为:2021-07-04 23:41:06  第2排第1个灶眼
108.2635
2.1577
2.2232
2.1106
5.8877
2.2201
6.2575
4.567
4.3157
97.5992
77.729
13.8857
3.6624
11.093
5.7585
2.5907
2.724
本次综合分数为：353.04550000000006
本次时间为:2021-07-04 23:41:06  第2排第1个灶眼
110.7541
1.9935
2.2376
2.0789
1.9784
2.0654
2.0365
2.0481
1.9174
97.8385
82.287
9.9664
5.791
2.1997
2.1115
5.9796
3.3781
本次综合分数为：336.66170000000005
本次时间为:2021-07-04 23:29:25  第1排第2个灶眼
122.9312
1.2451
1.2113
1.1206
1.2431
1.2605
1.1511
1.2708
1.2297
112.9306
83.4197
11.2446
9.2048
2.6144
2.8453
8.0459
2.6116
本次综合分数为：365.5803
本次时间为:2021-07-04 23:29:25  第1排第2个灶眼
122.9928
1.107
1.1235
1.2044
1.2033
1.1404
1.2388
1.347
1.3521
112.4323
83.7267
11.4979
9.512
2.1486
3.2364
7.1633
2.4771
本次综合分数为：364.9036
本次时间为:2021-07-04 23:29:25  第1排第2个灶眼
122.706
7.5467
1.666
1.434
1.4522
1.4646
1.6416
1.7022
1.5669
104.1504
83.4393
11.4177
8.9762
2.437
2.9109
7.1166
2.0913
本次综合分数为：363.71960000000007
本次时间为:2021-07-04 23:29:25  第1排第2个灶眼
115.7932
1.959
1.5899
1.5055
1.6408
1.5456
1.4299
7.6625
1.656
113.4933
81.6691
13.7837
6.5785
13.8326
4.3224
2.5457
1.4272
本次综合分数为：372.4349000000001
本次时间为:2021-07-04 23:29:25  第1排第2个灶眼
116.0916
1.1998
1.2236
1.1123
1.2344
1.2212
1.2802
1.5057
1.5278
107.858
81.7149
13.7531
7.29
12.8079
3.3522
2.3328
1.5193
本次综合分数为：357.0248
本次时间为:2021-07-04 23:59:14  第1排第2个灶眼
123.4395
1.202
1.2264
1.1964
1.201
1.2233
1.2075
1.1953
1.2646
109.2646
89.878
8.4921
7.2444
1.9249
2.3014
9.3192
2.8344
本次综合分数为：364.415
本次时间为:2021-07-04 23:59:14  第1排第2个灶眼
123.2127
1.1975
1.2614
1.216
1.1238
1.1259
1.1293
1.1221
1.1761
112.7696
83.6688
10.2153
8.7711
2.3738
3.2242
8.5463
2.4059
本次综合分数为：364.53979999999996
本次时间为:2021-07-04 23:59:14  第1排第2个灶眼
117.9592
1.388
1.6432
1.4646
1.4992
1.5625
1.6818
1.6379
1.4673
110.8122
79.8806
13.0293
11.1038
9.0165
2.7611
2.4967
1.8205
本次综合分数为：361.22439999999995
本次时间为:2021-07-05 00:13:16  第2排第1个灶眼
110.146
1.9691
2.1637
1.9803
1.9469
1.9141
2.0893
1.9486
1.9321
91.1087
83.7917
9.4529
3.7877
9.5948
7.2829
3.4938
2.3042
本次综合分数为：336.9068
本次时间为:2021-07-05 00:13:16  第2排第1个灶眼
108.341
1.9262
1.9577
2.283
2.2046
2.1002
2.1743
2.1443
2.0691
97.382
79.5032
12.5021
4.4593
2.3457
6.572
2.9959
3.1267
本次综合分数为：334.0873
本次时间为:2021-07-05 00:13:16  第2排第1个灶眼
108.7804
2.8663
2.1218
2.0158
1.9258
1.9049
2.0572
1.9739
2.0635
95.9292
80.5494
12.1338
2.9784
2.7357
7.743
3.5845
2.7665
本次综合分数为：334.1301
本次时间为:2021-07-05 00:13:16  第2排第1个灶眼
107.9334
2.2277
2.0852
2.0183
2.4249
2.1711
2.2614
2.127
2.0014
94.8787
78.8604
13.6157
5.6909
9.9463
5.6539
3.4778
2.0811
本次综合分数为：339.45520000000005
本次时间为:2021-07-05 00:13:16  第2排第1个灶眼
107.4618
2.2213
2.2309
2.0901
2.1914
2.1677
2.5432
2.032
2.124
94.8072
78.6119
14.3259
3.2276
10.3717
3.4135
3.5222
2.4349
本次综合分数为：335.77729999999997
本次时间为:2021-07-04 23:59:14  第1排第2个灶眼
117.0827
1.3211
1.2835
1.2218
1.3115
1.2849
1.1799
1.1976
1.3255
108.2312
81.4531
14.1935
7.4616
12.924
2.3038
3.1177
2.348
本次综合分数为：359.24140000000006
本次时间为:2021-07-04 23:59:14  第1排第2个灶眼
117.3021
1.2856
1.3094
1.3087
1.2696
1.3533
1.2748
1.2449
1.3427
108.7522
81.6797
14.0035
7.6625
12.5207
3.347
2.417
1.9498
本次综合分数为：360.0234999999999
本次时间为:2021-07-04 23:59:14  第1排第2个灶眼
117.5116
1.2984
1.218
1.3433
1.3623
1.5515
1.3543
1.3875
1.2585
109.3473
82.2243
14.1241
7.7687
13.1827
3.3723
2.816
1.8727
本次综合分数为：362.9935
本次时间为:2021-07-04 23:59:14  第1排第2个灶眼
117.437
1.3034
1.2415
1.2361
1.3313
1.3815
1.2603
1.2669
1.236
108.838
81.9393
14.0485
7.9613
12.984
3.2688
2.9024
1.939
本次综合分数为：361.57529999999997
本次时间为:2021-07-04 23:59:14  第1排第2个灶眼
114.0343
1.2387
1.472
1.7978
1.5516
1.7317
1.4102
1.3913
1.7152
106.8721
81.8426
14.0316
7.2484
13.9131
5.1091
2.4346
1.4693
本次综合分数为：359.2636
本次时间为:2021-07-05 01:31:36  第2排第1个灶眼
105.0134
2.6947
2.0281
2.1725
2.3397
2.3996
2.3105
2.5448
2.1338
90.4065
75.4154
11.7521
6.1726
6.0882
2.4731
3.9423
2.8462
本次综合分数为：322.7334999999999
本次时间为:2021-07-05 01:31:36  第2排第1个灶眼
104.4758
2.446
2.592
2.2387
2.1498
2.2974
2.2665
2.3454
2.286
93.2994
74.6572
15.2909
6.0447
7.2766
2.5897
3.9751
2.5871
本次综合分数为：328.81829999999997
本次时间为:2021-07-05 01:31:36  第2排第1个灶眼
108.2452
2.5093
2.4727
2.1498
2.1283
2.251
2.0747
1.8977
1.948
96.649
76.0216
13.4461
7.5228
7.7529
2.5127
7.0478
3.0774
本次综合分数为：339.70700000000005
本次时间为:2021-07-05 01:31:36  第2排第1个灶眼
105.1827
2.1786
1.9896
2.0092
2.1226
2.1426
2.1146
2.099
2.1719
94.8846
78.3274
14.5227
2.9529
11.09
3.6371
3.5226
3.2808
本次综合分数为：334.22889999999995
本次时间为:2021-07-05 01:31:36  第2排第1个灶眼
105.7828
2.3137
2.2118
2.0912
2.1217
2.2431
2.2046
2.2067
2.064
95.6738
78.7252
13.9626
3.411
11.4788
5.5005
3.1679
2.1901
本次综合分数为：337.3494999999999
本次时间为:2021-07-05 01:31:36  第2排第1个灶眼
106.8205
2.3848
2.1375
2.274
2.337
2.3562
2.1679
2.1149
2.2204
95.3522
79.9192
13.2722
3.5827
11.1642
6.5036
2.4597
2.7126
本次综合分数为：339.7796
本次时间为:2021-07-05 01:31:36  第2排第1个灶眼
106.7012
2.0813
2.4591
2.2048
1.9817
2.1099
2.251
2.157
2.0849
94.6594
79.3583
14.41
3.3594
10.964
6.0253
4.1536
2.2387
本次综合分数为：339.19960000000003
本次时间为:2021-07-05 01:31:36  第2排第1个灶眼
107.2051
2.24
2.1109
2.0013
2.1075
1.9877
2.0245
2.0792
2.0373
95.8307
79.06
13.9131
3.0683
11.9848
5.9782
3.8299
2.112
本次综合分数为：339.5705000000001
本次时间为:2021-07-05 01:31:36  第2排第1个灶眼
106.883
2.4667
2.3072
2.2086
2.1101
2.0781
2.0905
2.01
2.1089
95.0279
80.1239
13.8503
3.4334
11.1046
6.2232
3.9029
2.2945
本次综合分数为：340.2238000000001
本次时间为:2021-07-05 01:31:36  第2排第1个灶眼
107.2138
2.4127
2.2308
2.1014
2.1179
2.1457
2.2407
2.1387
2.0945
94.56
78.4674
13.9393
3.3294
12.1181
5.6589
4.14
2.0743
本次综合分数为：338.9836000000001
本次时间为:2021-07-05 01:31:36  第2排第1个灶眼
107.2462
2.2423
2.265
2.0826
1.9489
2.0358
1.9327
1.9488
2.0071
94.8626
79.1571
13.6194
3.1249
12.0534
5.979
3.7462
2.2205
本次综合分数为：338.4725
本次时间为:2021-07-05 01:31:36  第2排第1个灶眼
106.5598
2.5552
2.2435
2.2079
7.5147
2.1894
5.1649
4.0098
2.7041
93.0453
77.5568
12.834
3.4583
12.9422
5.646
3.7332
2.1166
本次综合分数为：346.48170000000005
本次时间为:2021-07-05 01:31:36  第2排第1个灶眼
111.7706
2.3934
2.2646
2.2079
2.2082
2.1147
2.2563
2.1819
2.2847
101.4643
71.9724
17.8071
10.3512
2.4722
4.8398
3.9199
2.3619
本次综合分数为：344.87109999999996
本次时间为:2021-07-05 01:31:36  第2排第1个灶眼
本次时间为:2021-07-05 01:31:36  第2排第1个灶眼
103.7611
2.7777
3.1333
2.4142
2.2975
2.1949
2.0738
2.1626
2.2277
91.4371
72.0452
19.4063
2.877
6.4382
2.9985
3.8939
3.2719
本次综合分数为：325.4108999999999
本次时间为:2021-07-05 01:31:36  第2排第1个灶眼
102.2103
2.8764
2.2361
2.3081
7.3644
2.0838
2.0101
2.2967
2.1627
99.4765
73.0699
18.755
2.7843
9.7295
2.429
5.9128
2.5679
本次综合分数为：340.27349999999996
本次时间为:2021-07-05 01:31:36  第2排第1个灶眼
102.2174
2.463
2.6097
2.3295
2.32
2.1732
2.3296
2.4064
2.3174
90.8907
71.7242
18.1189
3.7702
9.1718
2.7534
3.9624
3.702
本次综合分数为：325.2598
本次时间为:2021-07-05 01:31:36  第2排第1个灶眼
104.3427
2.5885
2.5275
2.4249
2.4495
2.1555
2.1596
2.2756
2.297
93.2662
73.9835
17.9165
3.007
6.8972
2.4776
3.7168
3.3729
本次综合分数为：327.85849999999994
本次时间为:2021-07-05 01:31:36  第2排第1个灶眼
107.4014
2.0527
2.3204
2.0929
2.0905
2.0476
2.0661
2.0941
2.157
95.1167
80.2244
14.0322
3.8698
10.7733
6.3581
3.7243
2.2725
本次综合分数为：340.694
本次时间为:2021-07-05 01:31:36  第2排第1个灶眼
103.1924
2.6381
2.5217
2.3967
2.1836
2.2439
2.2759
2.2515
2.3815
92.3421
79.115
13.2863
3.7528
4.9395
5.6646
2.5992
2.946
本次综合分数为：326.7308
本次时间为:2021-07-05 02:25:16  第2排第2个灶眼
98.7856
1.366
1.1027
1.0851
1.0567
1.1685
1.1393
1.1284
1.1196
92.8769
69.8208
16.9732
6.1231
8.6148
4.0921
3.1516
1.299
本次综合分数为：310.90340000000003
本次时间为:2021-07-05 02:25:16  第2排第2个灶眼
130.7846
0.927
0.8063
0.4824
0.5698
0.8838
0.8886
0.6334
0.7074
78.7917
46.3292
16.196
6.2314
5.0657
4.2738
1.0119
0.575
本次综合分数为：295.1580000000001
